# Each row of the table below corresponds to a row of Fig. S5.
# The first two entries for each row give the neutrino energy range in log_10(E_nu/TeV).
# Each of the remaining 22 columns of the table corresponds to a column of Fig. S5.
# The columns span the muon energy proxy range (in log_10(E_mu/TeV)) from -0.4 to 4.0 in steps of 0.2
-1.00 , -0.75 :   3.47e-03  1.89e-03  5.71e-04  5.80e-05  6.60e-07  0.00e+00  0.00e+00  0.00e+00  0.00e+00  0.00e+00  0.00e+00  0.00e+00  0.00e+00  0.00e+00  0.00e+00  0.00e+00  0.00e+00  0.00e+00  0.00e+00  0.00e+00  0.00e+00  0.00e+00
-0.75 , -0.50 :   2.67e-02  1.47e-02  4.77e-03  6.52e-04  4.16e-05  9.75e-06  0.00e+00  2.75e-06  0.00e+00  0.00e+00  0.00e+00  0.00e+00  0.00e+00  0.00e+00  0.00e+00  0.00e+00  0.00e+00  0.00e+00  0.00e+00  0.00e+00  0.00e+00  0.00e+00
-0.50 , -0.25 :   6.97e-02  4.60e-02  1.77e-02  3.37e-03  4.69e-04  5.29e-05  4.83e-06  0.00e+00  0.00e+00  0.00e+00  0.00e+00  0.00e+00  0.00e+00  0.00e+00  0.00e+00  0.00e+00  0.00e+00  0.00e+00  0.00e+00  0.00e+00  0.00e+00  0.00e+00
-0.25 ,  0.00 :   1.11e-01  8.57e-02  4.26e-02  1.21e-02  2.37e-03  3.67e-04  3.31e-05  0.00e+00  0.00e+00  0.00e+00  0.00e+00  0.00e+00  0.00e+00  0.00e+00  0.00e+00  0.00e+00  0.00e+00  0.00e+00  0.00e+00  0.00e+00  0.00e+00  0.00e+00
 0.00 ,  0.25 :   1.36e-01  1.22e-01  8.13e-02  3.36e-02  9.24e-03  2.39e-03  5.50e-04  9.97e-06  0.00e+00  0.00e+00  0.00e+00  0.00e+00  0.00e+00  0.00e+00  0.00e+00  0.00e+00  0.00e+00  0.00e+00  0.00e+00  0.00e+00  0.00e+00  0.00e+00
 0.25 ,  0.50 :   1.40e-01  1.43e-01  1.26e-01  7.42e-02  3.06e-02  9.13e-03  2.11e-03  3.52e-04  0.00e+00  5.43e-05  0.00e+00  0.00e+00  0.00e+00  0.00e+00  0.00e+00  0.00e+00  0.00e+00  0.00e+00  0.00e+00  0.00e+00  0.00e+00  0.00e+00
 0.50 ,  0.75 :   1.25e-01  1.41e-01  1.54e-01  1.31e-01  7.20e-02  2.79e-02  9.92e-03  2.67e-03  7.69e-04  3.33e-04  0.00e+00  0.00e+00  0.00e+00  0.00e+00  0.00e+00  0.00e+00  0.00e+00  0.00e+00  0.00e+00  0.00e+00  0.00e+00  0.00e+00
 0.75 ,  1.00 :   1.01e-01  1.23e-01  1.50e-01  1.70e-01  1.36e-01  7.73e-02  2.83e-02  9.36e-03  2.41e-03  4.56e-04  0.00e+00  0.00e+00  0.00e+00  0.00e+00  0.00e+00  0.00e+00  0.00e+00  0.00e+00  0.00e+00  0.00e+00  0.00e+00  0.00e+00
 1.00 ,  1.25 :   8.45e-02  9.64e-02  1.23e-01  1.62e-01  1.84e-01  1.59e-01  8.36e-02  3.41e-02  6.56e-03  3.50e-03  3.42e-04  0.00e+00  0.00e+00  0.00e+00  0.00e+00  0.00e+00  0.00e+00  0.00e+00  0.00e+00  0.00e+00  0.00e+00  0.00e+00
 1.25 ,  1.50 :   6.28e-02  6.79e-02  9.49e-02  1.30e-01  1.73e-01  1.93e-01  1.72e-01  9.81e-02  3.94e-02  1.03e-02  2.23e-03  1.56e-03  0.00e+00  0.00e+00  0.00e+00  0.00e+00  0.00e+00  0.00e+00  0.00e+00  0.00e+00  0.00e+00  0.00e+00
 1.50 ,  1.75 :   4.62e-02  5.18e-02  6.71e-02  9.60e-02  1.25e-01  1.67e-01  2.05e-01  2.02e-01  1.16e-01  4.26e-02  1.64e-02  2.14e-03  0.00e+00  0.00e+00  0.00e+00  0.00e+00  0.00e+00  0.00e+00  0.00e+00  0.00e+00  0.00e+00  0.00e+00
 1.75 ,  2.00 :   3.08e-02  3.64e-02  4.90e-02  6.56e-02  9.20e-02  1.25e-01  1.72e-01  2.08e-01  2.25e-01  1.40e-01  5.30e-02  1.55e-02  3.17e-03  0.00e+00  0.00e+00  0.00e+00  0.00e+00  0.00e+00  0.00e+00  0.00e+00  0.00e+00  0.00e+00
 2.00 ,  2.25 :   2.22e-02  2.55e-02  3.32e-02  4.41e-02  6.40e-02  8.48e-02  1.17e-01  1.59e-01  2.15e-01  2.45e-01  1.67e-01  6.14e-02  1.67e-02  4.63e-03  0.00e+00  0.00e+00  0.00e+00  0.00e+00  0.00e+00  0.00e+00  0.00e+00  0.00e+00
 2.25 ,  2.50 :   1.35e-02  1.40e-02  2.07e-02  2.93e-02  4.13e-02  5.70e-02  8.00e-02  1.05e-01  1.49e-01  1.97e-01  2.70e-01  1.77e-01  8.43e-02  2.10e-02  5.17e-03  0.00e+00  0.00e+00  0.00e+00  0.00e+00  0.00e+00  0.00e+00  0.00e+00
 2.50 ,  2.75 :   9.98e-03  1.16e-02  1.33e-02  1.81e-02  2.63e-02  3.72e-02  4.93e-02  7.14e-02  9.84e-02  1.38e-01  1.84e-01  2.58e-01  2.33e-01  8.57e-02  2.25e-02  0.00e+00  0.00e+00  0.00e+00  0.00e+00  0.00e+00  0.00e+00  0.00e+00
 2.75 ,  3.00 :   6.62e-03  7.46e-03  9.54e-03  1.07e-02  1.70e-02  2.30e-02  2.99e-02  4.68e-02  5.84e-02  9.15e-02  1.13e-01  1.89e-01  2.57e-01  2.60e-01  1.25e-01  3.10e-02  3.58e-03  0.00e+00  0.00e+00  0.00e+00  0.00e+00  0.00e+00
 3.00 ,  3.25 :   3.57e-03  4.73e-03  5.18e-03  8.03e-03  1.13e-02  1.51e-02  2.04e-02  2.55e-02  3.48e-02  5.04e-02  7.89e-02  1.28e-01  1.60e-01  2.68e-01  2.69e-01  1.69e-01  2.03e-02  1.92e-02  5.87e-03  0.00e+00  0.00e+00  0.00e+00
 3.25 ,  3.50 :   2.75e-03  2.53e-03  3.22e-03  4.56e-03  6.92e-03  7.95e-03  1.20e-02  1.58e-02  2.31e-02  3.26e-02  4.67e-02  7.08e-02  1.03e-01  1.44e-01  2.36e-01  2.86e-01  2.11e-01  4.85e-02  9.62e-03  0.00e+00  0.00e+00  0.00e+00
 3.50 ,  3.75 :   1.56e-03  1.47e-03  2.01e-03  2.77e-03  3.72e-03  5.16e-03  6.99e-03  9.82e-03  1.35e-02  1.91e-02  2.77e-02  4.06e-02  5.87e-02  9.83e-02  1.60e-01  2.15e-01  3.22e-01  2.44e-01  7.46e-02  5.08e-03  1.04e-02  0.00e+00
 3.75 ,  4.00 :   8.28e-04  9.30e-04  1.27e-03  1.64e-03  2.20e-03  3.65e-03  4.45e-03  5.69e-03  7.68e-03  1.24e-02  1.69e-02  2.33e-02  3.86e-02  4.88e-02  8.87e-02  1.38e-01  2.12e-01  3.03e-01  2.57e-01  8.48e-02  3.82e-02  0.00e+00
 4.00 ,  4.25 :   2.66e-04  7.93e-04  8.43e-04  6.83e-04  1.53e-03  2.00e-03  2.74e-03  2.47e-03  4.50e-03  7.50e-03  1.04e-02  1.59e-02  1.88e-02  3.10e-02  4.40e-02  6.87e-02  1.16e-01  1.63e-01  2.99e-01  3.24e-01  7.96e-02  1.44e-02
 4.25 ,  4.50 :   3.62e-04  3.58e-04  5.05e-04  4.71e-04  8.13e-04  1.46e-03  1.47e-03  2.08e-03  2.98e-03  4.91e-03  6.02e-03  7.92e-03  1.24e-02  2.10e-02  2.02e-02  4.41e-02  4.80e-02  1.10e-01  1.40e-01  2.82e-01  4.03e-01  2.02e-01
 4.50 ,  4.75 :   7.49e-05  8.90e-05  2.18e-04  3.52e-04  2.56e-04  5.79e-04  8.41e-04  1.05e-03  1.57e-03  2.03e-03  3.57e-03  3.80e-03  5.85e-03  8.40e-03  1.12e-02  1.97e-02  2.37e-02  6.66e-02  1.15e-01  1.45e-01  1.54e-01  3.93e-01
 4.75 ,  5.00 :   1.22e-04  7.77e-05  1.35e-04  1.33e-04  1.73e-04  3.44e-04  4.59e-04  3.80e-04  5.59e-04  1.33e-03  2.28e-03  3.40e-03  4.40e-03  3.73e-03  8.66e-03  1.69e-02  2.60e-02  2.36e-02  5.04e-02  1.05e-01  1.69e-01  2.27e-01
 5.00 ,  5.25 :   9.76e-05  4.42e-05  9.13e-05  9.39e-05  9.17e-05  1.67e-04  2.12e-04  3.49e-04  4.25e-04  7.94e-04  7.38e-04  9.05e-04  1.85e-03  3.08e-03  5.22e-03  6.44e-03  6.68e-03  1.10e-02  2.01e-02  2.18e-02  6.91e-02  5.51e-02
 5.25 ,  5.50 :   3.42e-05  2.10e-05  2.21e-05  4.87e-05  5.69e-05  6.67e-05  4.89e-05  2.55e-04  2.79e-04  1.49e-04  4.81e-04  7.16e-04  1.27e-03  1.16e-03  2.36e-03  2.80e-03  6.31e-03  5.79e-03  1.93e-02  1.74e-02  5.19e-02  7.28e-02
 5.50 ,  5.75 :   1.38e-05  9.93e-06  1.32e-05  1.95e-05  2.39e-05  6.11e-05  6.93e-05  6.42e-05  8.57e-05  1.37e-04  2.67e-04  2.05e-04  5.45e-04  7.86e-04  1.00e-03  1.26e-03  3.31e-03  3.10e-03  5.06e-03  9.79e-03  1.26e-02  2.62e-02
 5.75 ,  6.00 :   7.03e-06  9.92e-06  9.03e-06  7.45e-06  1.35e-05  2.25e-05  2.60e-05  3.51e-05  3.98e-05  9.12e-05  1.12e-04  1.92e-04  2.18e-04  4.21e-04  4.53e-04  8.80e-04  1.49e-03  1.41e-03  2.95e-03  5.94e-03  1.27e-02  9.33e-03
